world: c8a5230b-d024-48c8-9a32-a9deba1f346b
world-name: world
x: 75.44466646012899
y: 152.0
z: 27.467041800470945
yaw: -88.21160888671875
pitch: -4.9500412940979
name: jail
lastowner: 2cb7a89a-1c9d-3458-8a82-75551022a3cf
