world: c8a5230b-d024-48c8-9a32-a9deba1f346b
world-name: world
x: 61.42983868735445
y: 97.0
z: -4.513639978877278
yaw: 0.73101806640625
pitch: -1.9500044584274292
name: spawn
lastowner: 2cb7a89a-1c9d-3458-8a82-75551022a3cf
